# FILE DU LIEU LOP HOC
# Format:
# LOPHOC|MaLop|TenLop
# TIETHOC|ThuThu|TietSo|PhongHoc
# DANHSACH|MaSV1,MaSV2,...
#---------------------------------------------------------
LOPHOC|167253|Mạng máy tính - K70 Nhom 1
TIETHOC|Thu_Ba|Tiet_4-6|D3-101
TIETHOC|Thu_Bảy|Tiet_1-3|D9-102
DANHSACH|202541861,202491119,202551175,202286201,202225048,202278752,202430276,202368753,202486150,202289810,202562605,202420092,202394158,202435127,202458536,202421927,202552033,202254360,202496710,202434433,202510054,202556581,202386002,202336841,202330436,202353126,202483177,202252941,202387461,202317229,202595957,202484187,202578876,202364051,202231067,202241726,202238777,202314643,202541839,202342530,202377088,202595520,202485285,202489264,202414345,202265211,202550921,202551849,202519630,202522180
#---------------------------------------------------------

LOPHOC|300544|Giải tích 3 - K70 Nhom 3
TIETHOC|Thu_Tư|Tiet_10-12|D3-201
DANHSACH|202367775,202262333,202529764,202490848,202449473,202299201,202508415,202395404,202580670,202562504,202512855,202524715,202395949,202323117,202267211,202272653,202239267,202595884,202219119,202553857,202599014,202435127,202295420,202350796,202502641,202321651,202266161,202202972,202561631,202332507,202453292,202351261,202365767,202487398,202233881,202217963,202401158,202568945,202257020,202405617,202219249,202519004,202357179,202531687,202375032,202588366,202329720,202450182,202209110,202539594
#---------------------------------------------------------

LOPHOC|586824|Đại số - K70 Nhom 2
TIETHOC|Thu_Bảy|Tiet_4-6|D9-102
TIETHOC|Thu_Năm|Tiet_4-6|D7-202
DANHSACH|202377378,202355268,202307154,202303038,202334688,202406106,202245675,202386993,202335115,202267211,202533892,202202160,202496212,202216687,202599014,202561431,202421927,202560429,202326769,202479299,202495623,202209772,202364025,202527547,202436270,202291656,202585007,202378601,202448024,202371142,202202032,202577476,202237216,202364051,202322930,202273761,202207058,202336629,202371694,202488090,202360814,202442696,202517409,202453338,202296255,202288637,202310948,202465348,202468788,202578107
#---------------------------------------------------------

LOPHOC|142285|Giải tích 1 - K70 Nhom 1
TIETHOC|Thu_Bảy|Tiet_7-9|D5-102
DANHSACH|202224020,202447244,202239916,202412220,202383629,202542157,202483241,202477958,202292235,202305998,202461920,202472473,202380472,202501602,202501198,202309430,202372489,202484788,202514204,202285202,202420662,202466468,202262347,202210236,202341444,202317229,202244036,202284701,202424948,202371124,202343249,202502971,202304319,202402632,202487730,202324485,202233990,202497245,202390312,202312761,202500948,202217649,202495863,202254241,202550921,202225264,202259221,202505311,202429399,202444301
#---------------------------------------------------------

LOPHOC|626671|Tiết hoc Mac - LêNin - K69 Nhom 2
TIETHOC|Thu_Năm|Tiet_4-6|D3,5-103
TIETHOC|Thu_Bảy|Tiet_4-6|D8-302
DANHSACH|202529764,202483776,202573150,202474129,202508415,202248100,202572388,202452995,202459744,202461466,202570543,202369141,202552721,202202160,202589938,202589707,202275940,202495312,202321651,202434433,202400305,202356327,202397104,202209772,202316682,202222385,202429030,202389989,202279610,202585007,202378601,202351459,202573117,202498088,202387632,202207634,202217963,202572585,202248547,202238337,202365102,202279493,202273514,202343057,202436721,202369999,202468137,202368855,202554729,202209110
#---------------------------------------------------------

LOPHOC|846352|Giải tích 2 - K69 Nhom 1
TIETHOC|Thu_Sáu|Tiet_4-6|D3,5-201
DANHSACH|202541861,202542176,202550188,202573150,202434304,202248100,202453274,202246615,202512855,202384149,202395949,202461920,202354862,202289810,202451510,202446666,202589938,202288649,202428849,202295420,202350796,202435475,202510396,202285202,202202187,202483177,202427647,202254332,202344617,202308414,202283358,202244156,202502971,202299050,202324485,202275132,202572585,202442590,202383428,202489264,202497152,202354582,202577049,202308655,202441845,202534281,202517022,202395223,202235336,202519630
#---------------------------------------------------------

LOPHOC|929682|Mạng máy tính - K70 Nhom 3
TIETHOC|Thu_Bảy|Tiet_7-9|D3,5-201
DANHSACH|202415125,202311732,202278752,202334688,202477958,202457744,202369141,202552721,202202160,202501602,202501198,202313380,202494245,202484788,202392695,202599014,202254360,202595374,202397661,202306797,202550573,202479299,202262347,202576726,202457220,202308965,202287231,202453292,202263053,202437643,202548512,202285904,202540318,202445350,202367976,202541839,202462376,202541205,202383428,202555162,202308655,202419531,202258010,202588366,202291777,202375566,202519630,202332615,202539594,202288736
#---------------------------------------------------------

LOPHOC|210469|Xác suất thống kê - K69 Nhom 2
TIETHOC|Thu_Năm|Tiet_7-9|D3,5-103
TIETHOC|Thu_Hai|Tiet_1-3|D3-101
DANHSACH|202299201,202200873,202352789,202305617,202369141,202551603,202261732,202303848,202501986,202555254,202553857,202275940,202458536,202281536,202326769,202435475,202266161,202288283,202330436,202550411,202432135,202273017,202249309,202233217,202279279,202598018,202389989,202453292,202568340,202400604,202365767,202469227,202241383,202502971,202433448,202267908,202273761,202367976,202389295,202314643,202336694,202287124,202312761,202568945,202441573,202489264,202369999,202590981,202235551,202421522
#---------------------------------------------------------

LOPHOC|534971|Cấu trúc dữ liệu và giải thuật - K70 Nhom 1
TIETHOC|Thu_Ba|Tiet_10-12|D5-201
DANHSACH|202577114,202550188,202428959,202562504,202210897,202460260,202440900,202449374,202548569,202246999,202269602,202202160,202511730,202463079,202233587,202427274,202494245,202230846,202434079,202227332,202336841,202594866,202449665,202251626,202300697,202546277,202500957,202231050,202389989,202308414,202560784,202487398,202400720,202557212,202576305,202502971,202273761,202505798,202228313,202314643,202336694,202442590,202279493,202345885,202484211,202421400,202471949,202531687,202431864,202528695
#---------------------------------------------------------

LOPHOC|704154|Cấu trúc dữ liệu và giải thuật - K69 Nhom 2
TIETHOC|Thu_Sáu|Tiet_1-3|D8-302
TIETHOC|Thu_Ba|Tiet_4-6|D5-101
DANHSACH|202444891,202531758,202449473,202248100,202325124,202466273,202478241,202472473,202533892,202494245,202290213,202350796,202595374,202593908,202229657,202520728,202455512,202500957,202445849,202437643,202254456,202229196,202468250,202406157,202449501,202206002,202337885,202231067,202433448,202304319,202597534,202387632,202447159,202352719,202287124,202371694,202531443,202273514,202442696,202228735,202577049,202531687,202320534,202332039,202538075,202419531,202235916,202579277,202465348,202444301
#---------------------------------------------------------

LOPHOC|650083|Xác suất thống kê - K69 Nhom 1
TIETHOC|Thu_Tư|Tiet_1-3|D6-301
TIETHOC|Thu_Bảy|Tiet_7-9|D3,5-103
DANHSACH|202269561,202346504,202267904,202452995,202457910,202246615,202395607,202347287,202335115,202455982,202501986,202233898,202328637,202306817,202400532,202456659,202209772,202550411,202571605,202455512,202562406,202308965,202203415,202235494,202231050,202341444,202336969,202523873,202263171,202517771,202557212,202211927,202318277,202597534,202387632,202207058,202541205,202239721,202585162,202320534,202431864,202338697,202525309,202422717,202287469,202211414,202232895,202517022,202266069,202282309
#---------------------------------------------------------

LOPHOC|424425|Kĩ thuật lập trình - K69 Nhom 1
TIETHOC|Thu_Năm|Tiet_7-9|D3,5-103
TIETHOC|Thu_Hai|Tiet_1-3|D5-201
DANHSACH|202444891,202512114,202415621,202550188,202373284,202542157,202467508,202499530,202310575,202547201,202263678,202287102,202369141,202551603,202267211,202548569,202496212,202432216,202237188,202421927,202305525,202484289,202267817,202550573,202416005,202435878,202256664,202527577,202412285,202344052,202233810,202442014,202593800,202297507,202517573,202449501,202263788,202576305,202247581,202479828,202241726,202447159,202504982,202364028,202202010,202228735,202332039,202216685,202575564,202291777
#---------------------------------------------------------

LOPHOC|930173|Cấu trúc dữ liệu và giải thuật - K69 Nhom 2
TIETHOC|Thu_Tư|Tiet_1-3|D5-201
DANHSACH|202246736,202487471,202201804,202240042,202208015,202457910,202534279,202210897,202326834,202229340,202335115,202466224,202246999,202496212,202313380,202318155,202317451,202427274,202460393,202521517,202269759,202552033,202510396,202510054,202400305,202205231,202494004,202411693,202207800,202572512,202494792,202559499,202508899,202453292,202254396,202529472,202375578,202535519,202270648,202304319,202479828,202488090,202383428,202312761,202519571,202538075,202288637,202256859,202286758,202578107
#---------------------------------------------------------

LOPHOC|642512|Hệ điều hành - K70 Nhom 1
TIETHOC|Thu_Ba|Tiet_10-12|D8-302
TIETHOC|Thu_Tư|Tiet_4-6|D7-202
DANHSACH|202246736,202485804,202355630,202349541,202542176,202490848,202307154,202408244,202457744,202440900,202419284,202272653,202548416,202501986,202329839,202521517,202526915,202375010,202371991,202318022,202267817,202307832,202495623,202550411,202455512,202417770,202207800,202376011,202528092,202446653,202553220,202365767,202285904,202247581,202324485,202207634,202241370,202371694,202589805,202538278,202325899,202522681,202354582,202208137,202258010,202458973,202582966,202311739,202329720,202539594
#---------------------------------------------------------

LOPHOC|727668|Hệ điều hành - K70 Nhom 2
TIETHOC|Thu_Tư|Tiet_4-6|D5-101
DANHSACH|202296938,202246736,202367775,202239916,202473130,202355268,202428959,202467508,202418199,202446891,202263678,202369141,202552721,202479015,202496212,202225353,202329839,202434450,202402406,202460393,202458536,202568175,202295420,202321651,202455512,202484251,202347662,202262848,202389870,202552026,202258071,202543351,202254456,202400720,202202032,202251382,202287124,202438928,202566588,202442696,202550107,202357179,202254241,202561054,202322377,202256859,202308485,202280873,202312921,202460884
#---------------------------------------------------------

LOPHOC|586318|Xác suất thống kê - K70 Nhom 1
TIETHOC|Thu_Sáu|Tiet_7-9|D6-301
DANHSACH|202224020,202378096,202451596,202267904,202458348,202225048,202598501,202408244,202552611,202479015,202225353,202303110,202595884,202219119,202275940,202394328,202372489,202495312,202269759,202544365,202469307,202315613,202550411,202528969,202385597,202423206,202397572,202346954,202436270,202520009,202437643,202351261,202445553,202400720,202375578,202263788,202217963,202251382,202494379,202364028,202451415,202442590,202464614,202519571,202401725,202421400,202378138,202499905,202391455,202326791
#---------------------------------------------------------

LOPHOC|113029|Kĩ thuật lập trình - K70 Nhom 2
TIETHOC|Thu_Bảy|Tiet_7-9|D3-201
DANHSACH|202412220,202535267,202372183,202534881,202457910,202246615,202267211,202292809,202255011,202562605,202225353,202372489,202455294,202468323,202270463,202496710,202559172,202495623,202251626,202550411,202576726,202494004,202347662,202389870,202233217,202536259,202317229,202338993,202568340,202349649,202400604,202484187,202484946,202449501,202364051,202433448,202281870,202305373,202233990,202353373,202588444,202489699,202279719,202510859,202217649,202405617,202202010,202254241,202277146,202522180
#---------------------------------------------------------

LOPHOC|144616|Hệ điều hành - K70 Nhom 1
TIETHOC|Thu_Ba|Tiet_4-6|D3,5-103
TIETHOC|Thu_Năm|Tiet_4-6|D8-302
DANHSACH|202246736,202412220,202506974,202285935,202418199,202570543,202268537,202354862,202548569,202555109,202224657,202318155,202589938,202394328,202557914,202434079,202472355,202469307,202275447,202380055,202316682,202502302,202460500,202347662,202423977,202364025,202495532,202279279,202287231,202445849,202446653,202448024,202400604,202518569,202283358,202314429,202237216,202273761,202207634,202274479,202229215,202500948,202343057,202296255,202254241,202244082,202216685,202429399,202558938,202235551
#---------------------------------------------------------

LOPHOC|987282|Hệ điều hành - K70 Nhom 2
TIETHOC|Thu_Năm|Tiet_7-9|D5-102
TIETHOC|Thu_Ba|Tiet_7-9|D5-102
DANHSACH|202491119,202337847,202444891,202391783,202346504,202339968,202325124,202543500,202292235,202461920,202402783,202305617,202539633,202555109,202451510,202589938,202394328,202312684,202209178,202285601,202371991,202254360,202520728,202565351,202571605,202484251,202429030,202536259,202225529,202233810,202203596,202279280,202263171,202364918,202237216,202263788,202479878,202494379,202390312,202377088,202595520,202235350,202309475,202383164,202409981,202529484,202471949,202380956,202326791,202459269
#---------------------------------------------------------

LOPHOC|594995|Mạng máy tính - K70 Nhom 1
TIETHOC|Thu_Hai|Tiet_7-9|D3-201
TIETHOC|Thu_Ba|Tiet_10-12|D3,5-103
DANHSACH|202529764,202391783,202212088,202286201,202598501,202253376,202570543,202371090,202379554,202382225,202520364,202572746,202501986,202229746,202329839,202474267,202458536,202269759,202557914,202265779,202254360,202502641,202400532,202593908,202371803,202392334,202429030,202287231,202560784,202400604,202329784,202392252,202285904,202387632,202391616,202357137,202302783,202273514,202401725,202405617,202584382,202471949,202531687,202254241,202419531,202454616,202590981,202528695,202232288,202495417
#---------------------------------------------------------
